11111111111111111111111111111111
10000000011000033300110000002001
10000000011000011000110000000001
10000000033300011000110000000001
10000000033300011000110000000001
10000000033300011000333000000001
10000000011000033300110000000001
10000200011020011000110000000001
10000000011000011020110000000001
11113111311331111313111131311111
11113111311331111313111131311111
10003000300330110303000030300001
10000000000000110000000000000001
10000000000000110000000000000001
10000000000000333000000000000001
10020000000000333000000000002001
10000000000000333000000000000001
10000000000000110000000000000001
10000000000000111111311311111111
11111111111131111111311311111111
11111111111131110000300300000001
10000000000030333000000000000001
10000002000000333020000000000001
10000000000000333000000000000001
11111111111111111111111111111111